67.67,662.33,-0.05,0.59,0.04,right
70.33,656.67,-0.05,0.59,0.04,right
70.33,645.67,-0.05,0.59,0.04,right
70.33,630.00,-0.05,0.59,0.05,right
70.33,610.00,-0.05,0.60,0.05,right
70.33,592.67,-0.05,0.61,0.05,right
70.00,580.00,-0.05,0.61,0.05,right
70.00,567.00,-0.05,0.62,0.05,right
70.00,553.67,-0.05,0.62,0.05,right
70.00,540.67,-0.04,0.62,0.05,right
70.00,532.33,-0.04,0.62,0.06,right
70.00,526.00,-0.04,0.63,0.06,right
70.33,520.33,-0.03,0.63,0.07,right
71.00,514.67,-0.03,0.63,0.07,right
71.67,509.33,-0.02,0.63,0.07,right
72.00,506.00,-0.02,0.64,0.07,right
72.33,504.00,-0.02,0.64,0.07,right
72.33,502.33,-0.01,0.64,0.08,right
72.33,501.67,-0.01,0.64,0.08,right
70.67,501.67,-0.01,0.64,0.08,right
64.67,502.00,-0.01,0.64,0.08,right
54.67,508.33,-0.01,0.64,0.08,right
40.33,520.33,-0.01,0.64,0.08,right
21.67,536.67,-0.01,0.65,0.08,right
03.00,550.67,-0.01,0.64,0.08,right
87.33,560.33,-0.01,0.64,0.10,right
71.00,571.33,-0.01,0.64,0.10,right
58.00,581.67,0.00,0.64,0.10,right
48.67,589.33,0.01,0.64,0.10,right
41.00,596.00,0.02,0.64,0.09,right
33.67,602.33,0.03,0.64,0.09,right
26.00,607.33,0.04,0.64,0.10,right
17.67,611.00,0.04,0.66,0.10,right
09.00,614.00,0.04,0.66,0.10,right
02.33,616.67,0.05,0.67,0.10,right
96.33,618.67,0.06,0.67,0.10,right
91.00,620.00,0.07,0.67,0.11,right
86.00,620.67,0.08,0.67,0.11,right
81.33,621.00,0.09,0.68,0.11,right
77.00,621.00,0.09,0.69,0.11,right
73.00,621.00,0.09,0.69,0.11,right
69.67,621.00,0.09,0.71,0.11,right
67.00,620.00,0.09,0.71,0.11,right
64.33,618.67,0.10,0.72,0.11,right
62.33,617.00,0.10,0.72,0.11,right
60.33,614.67,0.11,0.72,0.11,right
58.67,612.00,0.11,0.72,0.11,right
58.33,609.33,0.12,0.72,0.11,right
58.33,605.00,0.12,0.73,0.11,right
58.33,598.33,0.12,0.73,0.11,right
58.67,591.00,0.12,0.73,0.11,right
62.00,583.33,0.12,0.73,0.11,right
65.67,577.33,0.11,0.73,0.11,right
70.33,570.00,0.11,0.73,0.11,right
75.33,564.00,0.11,0.72,0.11,right
83.00,557.67,0.11,0.72,0.11,right
92.67,551.67,0.10,0.72,0.11,right
04.33,545.00,0.10,0.72,0.11,right
19.00,538.67,0.09,0.72,0.11,right
33.33,533.33,0.09,0.72,0.11,right
60.00,526.67,0.05,0.70,0.13,right
95.33,523.33,0.04,0.69,0.13,right
13.33,523.33,0.03,0.69,0.13,right
30.67,523.33,0.02,0.68,0.13,right
44.00,525.33,0.00,0.67,0.13,right
55.67,528.33,-0.00,0.67,0.13,right
63.67,532.33,-0.02,0.66,0.12,right
68.67,535.00,-0.02,0.66,0.12,right
71.33,537.00,-0.02,0.65,0.12,right
73.00,538.67,-0.02,0.65,0.12,right
73.00,539.67,-0.02,0.65,0.12,right
70.33,540.33,-0.02,0.65,0.12,right
54.67,541.33,-0.03,0.65,0.12,right
21.00,547.00,-0.03,0.65,0.12,right
83.67,559.67,-0.03,0.65,0.12,right
42.00,577.00,-0.01,0.66,0.12,right
07.33,589.67,-0.01,0.66,0.12,right
89.33,594.33,0.02,0.68,0.12,right
78.00,597.33,0.02,0.68,0.12,right
69.33,600.33,0.06,0.69,0.11,right
63.67,602.00,0.06,0.69,0.11,right
58.67,603.67,0.09,0.70,0.10,right
55.67,604.33,0.11,0.71,0.10,right
52.00,605.33,0.13,0.72,0.09,right
47.67,606.67,0.14,0.72,0.09,right
43.33,608.33,0.16,0.72,0.08,right
39.67,609.67,0.17,0.72,0.09,right
37.00,610.33,0.21,0.70,0.09,right
34.00,610.67,0.25,0.66,0.09,right
31.00,610.67,0.26,0.66,0.08,right
28.33,610.67,0.28,0.66,0.08,right
26.33,611.33,0.29,0.66,0.08,right
24.33,611.67,0.32,0.65,0.08,right
22.00,612.00,0.33,0.64,0.08,right
20.00,612.33,0.34,0.63,0.09,right
18.00,612.67,0.35,0.62,0.09,right
16.67,613.33,0.35,0.62,0.09,right
15.33,614.00,0.36,0.61,0.09,right
14.33,614.67,0.37,0.61,0.10,right
12.00,614.67,0.36,0.60,0.11,right
10.67,614.67,0.36,0.60,0.11,right
10.33,614.67,0.35,0.60,0.11,right
10.33,614.00,0.34,0.60,0.11,right
10.33,612.00,0.34,0.61,0.11,right
13.67,609.67,0.34,0.61,0.11,right
22.33,607.00,0.33,0.63,0.10,right
33.33,604.33,0.30,0.64,0.08,right
46.67,601.33,0.29,0.64,0.07,right
65.00,598.00,0.26,0.64,0.06,right
89.00,595.33,0.26,0.64,0.06,right
15.00,593.33,0.21,0.62,0.04,right
41.33,592.00,0.21,0.62,0.04,right
70.33,591.33,0.13,0.60,0.03,right
04.00,590.67,0.13,0.60,0.03,right
27.33,589.00,0.09,0.58,-0.00,right
45.00,586.33,0.08,0.58,-0.03,right
60.67,582.00,0.07,0.58,-0.04,right
68.67,579.00,0.07,0.59,-0.07,right
72.67,577.33,0.07,0.59,-0.07,right
75.33,576.67,0.07,0.59,-0.07,right
75.67,576.00,0.06,0.59,-0.08,right
75.67,575.67,0.06,0.58,-0.07,right
75.00,575.67,0.06,0.57,-0.07,right
67.67,575.67,0.06,0.57,-0.06,right
52.33,575.67,0.05,0.57,-0.06,right
28.00,576.67,0.06,0.57,-0.06,right
00.00,584.00,0.08,0.58,-0.06,right
65.67,598.67,0.08,0.58,-0.06,right
34.67,612.67,0.13,0.60,-0.07,right
11.33,617.67,0.16,0.61,-0.07,right
95.00,619.33,0.21,0.62,-0.07,right
84.00,622.00,0.25,0.64,-0.07,right
76.33,625.33,0.26,0.65,-0.07,right
68.00,627.00,0.27,0.66,-0.08,right
58.67,627.33,0.30,0.67,-0.08,right
50.67,627.33,0.33,0.69,-0.07,right
45.33,627.67,0.33,0.69,-0.07,right
39.33,627.67,0.33,0.70,-0.06,right
34.00,627.67,0.33,0.71,-0.04,right
29.33,627.67,0.34,0.70,-0.03,right
25.00,627.67,0.35,0.67,-0.01,right
21.33,627.67,0.34,0.64,0.01,right
18.67,627.67,0.34,0.63,0.02,right
16.00,627.67,0.34,0.62,0.03,right
14.33,627.67,0.35,0.62,0.03,right
14.00,627.67,0.35,0.62,0.03,right
14.00,628.00,0.35,0.60,0.03,right
14.00,628.67,0.35,0.60,0.03,right
14.00,630.00,0.35,0.55,0.04,right
14.00,630.67,0.35,0.52,0.05,right
13.67,631.00,0.35,0.50,0.06,right
13.33,631.33,0.35,0.47,0.07,right
13.00,631.67,0.35,0.47,0.07,right
12.67,631.67,0.34,0.46,0.08,right
12.00,631.67,0.34,0.46,0.08,right
11.00,631.67,0.35,0.46,0.07,right
11.00,631.33,0.35,0.46,0.07,right
11.00,630.00,0.35,0.49,0.06,right
14.33,628.33,0.34,0.51,0.05,right
21.33,624.67,0.34,0.51,0.04,right
32.33,620.67,0.34,0.51,0.04,right
47.67,616.67,0.33,0.52,0.03,right
64.67,612.67,0.32,0.52,0.03,right
89.67,608.33,0.30,0.52,0.02,right
16.67,604.33,0.25,0.51,0.01,right
42.33,603.67,0.25,0.51,0.01,right
60.67,603.67,0.20,0.48,-0.02,right
77.67,602.33,0.19,0.48,-0.03,right
92.67,598.67,0.17,0.47,-0.05,right
06.33,592.67,0.16,0.48,-0.07,right
18.33,588.33,0.15,0.52,-0.10,right
29.33,585.67,0.14,0.54,-0.12,right
38.00,585.67,0.13,0.57,-0.14,right
43.67,585.67,0.09,0.59,-0.15,right
47.00,585.00,0.08,0.58,-0.14,right
48.00,584.67,0.06,0.56,-0.13,right
48.00,584.00,0.06,0.55,-0.12,right
48.00,583.00,0.07,0.54,-0.13,right
36.67,583.00,0.07,0.54,-0.13,right
23.00,583.00,0.07,0.54,-0.12,right
07.67,584.33,0.10,0.52,-0.11,right
96.00,587.33,0.11,0.52,-0.11,right
83.67,591.00,0.15,0.51,-0.09,right
69.00,594.67,0.17,0.50,-0.09,right
52.67,597.67,0.19,0.51,-0.09,right
31.00,601.00,0.22,0.52,-0.08,right
13.33,605.00,0.22,0.52,-0.08,right
00.00,610.00,0.27,0.55,-0.06,right
92.00,615.67,0.27,0.55,-0.06,right
85.67,620.33,0.29,0.56,-0.05,right
76.67,624.33,0.29,0.57,-0.05,right
70.00,627.33,0.32,0.56,-0.06,right
64.00,628.67,0.33,0.54,-0.05,right
59.67,630.33,0.33,0.53,-0.04,right
55.67,631.33,0.33,0.51,-0.03,right
50.33,631.33,0.34,0.47,-0.01,right
43.33,631.33,0.35,0.47,-0.02,right
10.33,620.00,0.40,0.44,0.08,right
05.67,618.00,0.41,0.44,0.09,right
01.33,614.00,0.42,0.43,0.10,right
8.33,610.33,0.43,0.42,0.12,right
6.00,608.33,0.43,0.42,0.12,right
4.33,607.00,0.42,0.43,0.16,right
3.33,606.00,0.42,0.43,0.16,right
0.67,603.00,0.42,0.44,0.17,right
0.33,602.67,0.42,0.44,0.17,right
9.67,601.67,0.43,0.43,0.17,right
8.33,600.33,0.43,0.42,0.17,right
7.00,598.67,0.42,0.42,0.18,right
6.67,597.33,0.40,0.44,0.18,right
6.67,596.00,0.40,0.44,0.18,right
7.00,595.00,0.40,0.45,0.17,right
6.00,593.00,0.40,0.45,0.16,right
10.00,590.33,0.39,0.45,0.15,right
25.33,586.00,0.38,0.45,0.14,right
41.33,582.00,0.36,0.45,0.13,right
58.67,578.67,0.34,0.46,0.13,right
81.33,575.33,0.31,0.47,0.11,right
09.00,574.00,0.27,0.47,0.09,right
46.00,574.00,0.25,0.47,0.08,right
83.67,574.00,0.20,0.44,0.05,right
21.67,572.00,0.18,0.43,0.04,right
47.00,568.00,0.16,0.42,-0.00,right
62.67,565.00,0.16,0.42,-0.04,right
72.33,562.33,0.16,0.43,-0.06,right
80.00,559.00,0.16,0.45,-0.09,right
85.33,555.67,0.16,0.48,-0.12,right
87.00,554.00,0.16,0.50,-0.13,right
84.67,554.00,0.16,0.52,-0.15,right
74.67,554.00,0.16,0.52,-0.15,right
64.33,554.00,0.16,0.53,-0.15,right
47.67,554.00,0.18,0.53,-0.15,right
22.33,554.67,0.19,0.53,-0.15,right
82.33,570.67,0.21,0.54,-0.14,right
38.67,592.00,0.22,0.54,-0.14,right
05.00,605.00,0.25,0.54,-0.13,right
85.00,608.33,0.26,0.54,-0.12,right
68.67,611.67,0.29,0.57,-0.08,right
56.67,615.00,0.29,0.57,-0.08,right
46.00,617.00,0.33,0.59,-0.07,right
37.00,618.33,0.33,0.60,-0.06,right
30.00,619.33,0.34,0.60,-0.05,right
25.33,619.33,0.34,0.60,-0.04,right
21.67,619.33,0.34,0.60,-0.03,right
18.67,619.33,0.34,0.60,-0.02,right
16.00,618.33,0.34,0.61,-0.01,right
14.00,614.33,0.34,0.61,0.02,right
13.00,610.00,0.35,0.60,0.03,right
13.00,604.67,0.36,0.60,0.04,right
13.33,597.67,0.36,0.60,0.04,right
31.67,582.00,0.34,0.64,0.02,right
65.67,556.33,0.31,0.65,0.01,right
99.00,530.33,0.31,0.65,0.01,right
36.67,505.33,0.27,0.64,0.02,right
72.33,484.33,0.25,0.64,0.03,right
97.00,471.67,0.21,0.65,0.03,right
15.00,463.00,0.19,0.65,0.03,right
35.33,453.33,0.14,0.65,0.05,right
57.67,441.00,0.14,0.65,0.05,right
77.67,428.00,0.13,0.65,0.07,right
90.33,420.33,0.12,0.64,0.07,right
96.67,413.33,0.12,0.64,0.07,right
01.67,407.00,0.11,0.65,0.07,right
05.67,403.00,0.11,0.65,0.07,right
07.67,399.67,0.08,0.67,0.09,right
08.00,397.33,0.09,0.67,0.09,right
07.67,397.33,0.09,0.67,0.09,right
00.00,402.67,0.09,0.67,0.09,right
86.67,413.00,0.10,0.67,0.08,right
63.00,428.67,0.09,0.67,0.08,right
27.00,449.33,0.09,0.67,0.08,right
90.33,474.67,0.09,0.67,0.08,right
48.33,513.00,0.09,0.68,0.07,right
11.67,556.67,0.09,0.68,0.06,right
94.33,582.67,0.09,0.68,0.05,right
84.33,605.00,0.10,0.68,0.04,right
79.00,624.00,0.11,0.67,0.02,right
76.00,640.00,0.12,0.66,0.01,right
73.00,656.33,0.12,0.65,-0.00,right
70.67,668.67,0.12,0.64,-0.02,right
70.67,676.00,0.12,0.63,-0.02,right
70.67,680.00,0.13,0.62,-0.04,right
70.67,681.33,0.12,0.61,-0.05,right
71.00,681.33,0.13,0.62,-0.05,right
76.00,673.33,0.12,0.62,-0.06,right
84.67,654.00,0.12,0.63,-0.06,right
01.67,615.67,0.11,0.63,-0.05,right
23.67,573.00,0.11,0.63,-0.05,right
47.33,537.00,0.11,0.63,-0.05,right
74.00,505.67,0.10,0.64,-0.04,right
98.00,480.00,0.10,0.64,-0.04,right
15.33,463.67,0.10,0.65,-0.03,right
28.33,451.00,0.10,0.65,-0.03,right
40.33,440.33,0.09,0.65,-0.02,right
51.33,430.33,0.09,0.65,-0.02,right
60.67,422.33,0.09,0.65,-0.02,right
66.67,417.33,0.10,0.65,-0.01,right
70.33,415.00,0.10,0.65,-0.01,right
72.33,414.33,0.10,0.65,0.00,right
74.00,414.33,0.10,0.65,0.01,right
74.33,414.33,0.10,0.65,0.00,right
74.33,419.33,0.10,0.64,-0.00,right
73.67,430.00,0.10,0.63,-0.01,right
66.00,443.00,0.10,0.62,-0.02,right
56.00,457.33,0.09,0.58,-0.05,right
45.67,471.67,0.10,0.57,-0.06,right
31.33,492.67,0.10,0.55,-0.09,right
10.67,525.00,0.11,0.53,-0.12,right
89.00,559.33,0.11,0.51,-0.13,right
69.00,587.33,0.11,0.49,-0.13,right
54.33,607.33,0.11,0.48,-0.13,right
42.00,620.33,0.11,0.47,-0.12,right
34.67,627.00,0.11,0.47,-0.11,right
28.67,629.33,0.12,0.47,-0.11,right
22.67,630.33,0.13,0.48,-0.10,right
16.33,630.33,0.13,0.50,-0.10,right
09.67,628.67,0.14,0.54,-0.09,right
05.33,626.33,0.15,0.56,-0.08,right
01.00,619.67,0.15,0.61,-0.05,right
97.00,605.00,0.14,0.62,-0.04,right
93.33,581.33,0.14,0.63,-0.04,right
89.33,565.00,0.16,0.65,-0.03,right
86.33,553.67,0.17,0.66,-0.01,right
83.00,546.33,0.18,0.67,-0.00,right
79.67,540.00,0.17,0.69,0.01,right
75.33,531.67,0.16,0.70,0.04,right
71.00,526.00,0.16,0.69,0.06,right
68.33,521.00,0.16,0.69,0.07,right
63.67,512.00,0.15,0.66,0.12,right
63.33,507.00,0.15,0.66,0.13,right
63.00,506.00,0.14,0.67,0.14,right
62.33,506.00,0.15,0.66,0.14,right
62.67,506.00,0.18,0.61,0.13,right
65.00,506.00,0.18,0.62,0.13,right
69.00,505.00,0.18,0.62,0.12,right
76.33,503.33,0.18,0.62,0.12,right
85.33,501.67,0.18,0.61,0.10,right
03.33,499.33,0.19,0.60,0.08,right
28.33,496.00,0.19,0.59,0.07,right
62.00,494.33,0.18,0.59,0.05,right
93.33,494.33,0.16,0.59,0.03,right
13.67,494.33,0.12,0.58,-0.00,right
27.00,494.33,0.08,0.56,-0.03,right
36.67,494.67,0.07,0.55,-0.04,right
45.00,495.67,0.08,0.53,-0.06,right
53.00,497.67,0.07,0.51,-0.07,right
59.33,499.00,0.05,0.51,-0.08,right
63.33,500.00,0.04,0.51,-0.08,right
66.00,500.67,0.01,0.52,-0.09,right
67.33,501.33,0.00,0.53,-0.10,right
67.33,501.67,-0.01,0.55,-0.10,right
66.00,501.67,-0.02,0.57,-0.10,right
59.00,501.67,-0.01,0.57,-0.10,right
43.00,501.67,-0.00,0.57,-0.10,right
18.00,501.67,0.02,0.57,-0.09,right
84.33,508.33,0.03,0.58,-0.08,right
54.00,515.00,0.04,0.58,-0.07,right
32.00,516.33,0.05,0.61,-0.06,right
15.00,517.00,0.06,0.63,-0.05,right
01.67,519.33,0.09,0.65,-0.04,right
91.33,521.33,0.10,0.66,-0.03,right
82.00,523.33,0.11,0.68,-0.03,right
75.00,525.33,0.12,0.69,-0.03,right
69.67,526.00,0.14,0.71,-0.01,right
66.00,526.00,0.14,0.72,-0.00,right
63.00,526.00,0.14,0.73,0.01,right
61.33,526.00,0.14,0.74,0.03,right
60.33,524.33,0.14,0.74,0.03,right
60.33,521.00,0.14,0.74,0.04,right
60.33,517.33,0.13,0.74,0.04,right
60.67,511.67,0.13,0.74,0.05,right
64.33,504.67,0.12,0.74,0.05,right
68.67,497.00,0.12,0.74,0.05,right
75.33,487.33,0.13,0.74,0.05,right
84.33,474.33,0.13,0.72,0.06,right
04.67,450.33,0.13,0.72,0.07,right
22.67,431.00,0.12,0.71,0.08,right
42.33,412.00,0.12,0.71,0.09,right
59.33,398.00,0.12,0.72,0.10,right
74.00,389.33,0.13,0.72,0.10,right
88.67,382.67,0.13,0.72,0.11,right
04.67,375.33,0.13,0.72,0.11,right
20.67,368.00,0.12,0.72,0.12,right
31.00,363.33,0.12,0.72,0.12,right
37.67,360.33,0.12,0.72,0.12,right
43.00,358.33,0.12,0.72,0.12,right
49.33,356.67,0.12,0.71,0.13,right
54.67,355.33,0.11,0.71,0.13,right
59.00,353.33,0.11,0.71,0.14,right
61.00,352.33,0.11,0.71,0.14,right
61.67,352.33,0.11,0.70,0.14,right
62.00,352.33,0.11,0.70,0.15,right
62.00,355.33,0.10,0.70,0.16,right
57.00,364.33,0.09,0.70,0.16,right
43.33,383.00,0.09,0.70,0.16,right
12.67,413.67,0.08,0.69,0.15,right
74.00,452.00,0.08,0.68,0.15,right
39.00,495.33,0.07,0.66,0.13,right
16.00,533.00,0.07,0.64,0.09,right
04.67,558.67,0.07,0.64,0.09,right
97.33,581.00,0.08,0.63,0.06,right
89.67,603.67,0.10,0.60,0.01,right
80.67,618.00,0.11,0.59,-0.00,right
75.33,626.00,0.12,0.59,-0.01,right
71.00,631.00,0.13,0.60,-0.02,right
67.67,633.67,0.13,0.61,-0.03,right
64.67,633.67,0.14,0.62,-0.04,right
62.00,629.33,0.14,0.63,-0.03,right
60.00,617.33,0.14,0.64,-0.04,right
58.00,599.67,0.14,0.65,-0.04,right
57.33,580.00,0.15,0.67,-0.04,right
57.33,556.67,0.16,0.68,-0.04,right
63.00,532.33,0.15,0.70,-0.03,right
73.67,505.33,0.15,0.72,-0.01,right
83.00,482.00,0.15,0.73,0.01,right
91.00,466.33,0.15,0.74,0.02,right
02.67,452.00,0.17,0.74,0.03,right
17.67,437.67,0.17,0.74,0.04,right
33.33,423.67,0.18,0.74,0.04,right
46.00,415.33,0.18,0.74,0.04,right
58.00,410.67,0.18,0.74,0.04,right
71.33,409.00,0.17,0.73,0.05,right
82.33,409.00,0.16,0.72,0.06,right
93.33,409.33,0.15,0.69,0.08,right
04.33,413.33,0.15,0.68,0.08,right
15.00,418.67,0.17,0.65,0.08,right
23.33,422.33,0.19,0.64,0.07,right
35.33,425.67,0.22,0.60,0.07,right
47.67,427.00,0.26,0.56,0.07,right
56.00,427.00,0.29,0.54,0.08,right
62.00,427.00,0.31,0.54,0.08,right
67.00,427.00,0.33,0.53,0.08,right
69.33,427.00,0.34,0.53,0.08,right
70.33,427.00,0.35,0.54,0.08,right
70.33,426.67,0.36,0.55,0.08,right
59.67,426.67,0.36,0.57,0.09,right
33.33,430.00,0.36,0.57,0.09,right
88.67,444.00,0.35,0.59,0.09,right
12.00,478.67,0.38,0.64,0.08,right
69.00,506.67,0.38,0.65,0.07,right
57.67,517.00,0.38,0.66,0.07,right
51.67,524.00,0.37,0.67,0.07,right
48.67,528.33,0.38,0.68,0.07,right
46.33,531.67,0.38,0.68,0.07,right
44.67,533.67,0.39,0.68,0.08,right
44.67,531.67,0.38,0.66,0.10,right
48.67,526.00,0.37,0.66,0.10,right
59.67,519.33,0.36,0.65,0.09,right
73.00,512.33,0.36,0.65,0.09,right
90.00,503.33,0.36,0.64,0.08,right
22.33,486.00,0.35,0.64,0.08,right
61.33,473.33,0.34,0.63,0.08,right
03.00,469.67,0.31,0.60,0.08,right
37.67,469.00,0.27,0.56,0.09,right
55.00,468.67,0.26,0.55,0.10,right
65.33,465.67,0.25,0.54,0.11,right
73.67,461.00,0.25,0.53,0.12,right
80.00,458.00,0.24,0.54,0.12,right
82.67,456.00,0.24,0.54,0.12,right
83.00,454.33,0.23,0.55,0.11,right
83.00,453.33,0.23,0.56,0.11,right
82.67,453.33,0.21,0.55,0.11,right
79.00,452.67,0.21,0.55,0.11,right
72.00,452.67,0.20,0.55,0.10,right
57.00,452.67,0.19,0.56,0.09,right
18.33,467.67,0.19,0.56,0.09,right
70.00,491.33,0.19,0.56,0.08,right
35.33,513.33,0.18,0.56,0.07,right
14.33,531.67,0.19,0.56,0.07,right
96.00,553.33,0.19,0.57,0.05,right
85.33,567.00,0.20,0.58,0.03,right
78.67,576.33,0.20,0.58,0.02,right
74.33,583.33,0.20,0.58,0.02,right
71.67,590.33,0.20,0.59,0.01,right
71.00,596.67,0.20,0.58,0.01,right
70.67,601.33,0.19,0.58,0.00,right
70.33,604.67,0.19,0.58,-0.00,right
70.33,607.00,0.19,0.57,-0.02,right
70.33,609.00,0.19,0.56,-0.03,right
70.33,610.67,0.19,0.55,-0.03,right
73.00,611.33,0.18,0.54,-0.03,right
78.67,611.33,0.17,0.51,-0.03,right
87.33,611.33,0.17,0.51,-0.03,right
99.33,608.33,0.17,0.49,-0.03,right
15.67,601.33,0.16,0.49,-0.03,right
38.33,591.33,0.13,0.48,-0.03,right
65.00,581.33,0.08,0.49,-0.03,right
93.33,573.33,0.06,0.50,-0.04,right
22.00,568.33,0.01,0.52,-0.06,right
47.67,564.33,-0.00,0.53,-0.07,right
61.00,560.67,-0.02,0.53,-0.09,right
68.67,557.67,-0.03,0.52,-0.09,right
73.00,555.67,-0.03,0.52,-0.09,right
76.33,554.67,-0.04,0.51,-0.09,right
78.67,553.67,-0.04,0.51,-0.09,right
79.00,553.33,-0.04,0.51,-0.09,right
79.00,553.00,-0.04,0.51,-0.09,right
77.67,553.00,-0.04,0.52,-0.08,right
69.33,553.00,-0.03,0.52,-0.08,right
47.33,557.67,-0.02,0.52,-0.07,right
20.67,559.33,-0.02,0.52,-0.07,right
98.33,557.67,-0.00,0.52,-0.07,right
83.33,552.67,0.02,0.52,-0.06,right
70.00,551.00,0.04,0.54,-0.07,right
53.67,551.00,0.05,0.55,-0.07,right
34.00,555.67,0.08,0.56,-0.07,right
17.33,556.33,0.09,0.57,-0.07,right
01.00,556.33,0.13,0.59,-0.07,right
93.33,555.33,0.16,0.61,-0.07,right
88.67,555.00,0.17,0.61,-0.07,right
86.00,555.00,0.18,0.61,-0.07,right
82.67,555.00,0.19,0.61,-0.07,right
79.33,555.00,0.21,0.60,-0.08,right
73.67,555.33,0.28,0.58,-0.11,right
69.67,555.33,0.32,0.56,-0.14,right
67.33,555.33,0.32,0.56,-0.14,right
63.33,555.33,0.35,0.55,-0.18,right
58.33,555.00,0.35,0.54,-0.19,right
53.33,552.67,0.36,0.54,-0.19,right
50.33,551.00,0.38,0.52,-0.20,right
48.33,549.67,0.38,0.51,-0.21,right
45.67,549.00,0.38,0.50,-0.20,right
43.67,549.00,0.38,0.49,-0.20,right
42.67,548.00,0.38,0.49,-0.20,right
41.33,547.33,0.37,0.49,-0.19,right
39.33,545.67,0.37,0.49,-0.18,right
38.33,543.33,0.37,0.49,-0.18,right
38.33,539.67,0.37,0.49,-0.19,right
40.00,536.33,0.37,0.49,-0.19,right
44.33,533.33,0.37,0.49,-0.19,right
52.67,529.33,0.35,0.49,-0.18,right
66.67,525.33,0.35,0.48,-0.18,right
82.33,521.33,0.33,0.48,-0.19,right
04.00,516.33,0.32,0.47,-0.19,right
24.67,511.00,0.31,0.46,-0.19,right
45.33,505.67,0.29,0.46,-0.20,right
67.33,499.00,0.27,0.44,-0.22,right
01.33,489.00,0.26,0.44,-0.23,right
39.00,478.00,0.26,0.45,-0.25,right
61.67,467.67,0.23,0.47,-0.28,right
71.00,461.33,0.23,0.47,-0.28,right
75.33,458.67,0.21,0.47,-0.30,right
76.67,457.67,0.20,0.47,-0.29,right
77.67,457.00,0.19,0.44,-0.23,right
77.67,456.33,0.19,0.43,-0.22,right
80.00,456.33,0.18,0.42,-0.20,right
84.67,456.00,0.15,0.41,-0.15,right
88.33,452.67,0.13,0.41,-0.13,right
90.00,448.67,0.10,0.42,-0.11,right
91.33,446.00,0.09,0.43,-0.10,right
93.67,443.67,0.09,0.45,-0.08,right
94.67,440.67,0.09,0.45,-0.08,right
95.33,436.33,0.09,0.45,-0.08,right
95.67,433.67,0.09,0.46,-0.08,right
95.67,432.00,0.08,0.46,-0.07,right
95.00,430.67,0.09,0.46,-0.06,right
92.33,428.33,0.09,0.46,-0.06,right
90.67,426.00,0.12,0.45,-0.06,right
90.67,424.67,0.13,0.45,-0.06,right
91.33,424.00,0.12,0.45,-0.06,right
93.33,422.67,0.10,0.45,-0.06,right
95.00,420.67,0.08,0.45,-0.07,right
95.33,419.33,0.08,0.45,-0.07,right
96.67,418.67,0.07,0.45,-0.07,right
97.00,418.67,0.07,0.45,-0.07,right
97.33,418.67,0.06,0.45,-0.07,right
96.33,422.33,0.03,0.44,-0.05,right
84.67,438.00,0.02,0.45,-0.05,right
43.00,508.33,0.02,0.44,-0.01,right
20.67,516.67,0.07,0.46,-0.02,right
09.33,520.33,0.07,0.46,-0.02,right
01.00,521.67,0.11,0.48,-0.03,right
92.67,524.33,0.12,0.48,-0.02,right
88.67,524.33,0.17,0.48,-0.01,right
85.00,524.67,0.26,0.48,-0.01,right
79.00,525.67,0.26,0.48,-0.01,right
74.67,527.00,0.33,0.49,-0.01,right
71.00,528.33,0.33,0.49,-0.01,right
67.67,529.00,0.38,0.50,-0.01,right
63.00,529.00,0.38,0.50,-0.01,right
57.67,529.00,0.43,0.50,0.00,right
53.33,529.00,0.45,0.50,0.01,right
50.33,529.00,0.47,0.49,0.02,right
47.67,529.00,0.48,0.47,0.05,right
44.67,529.00,0.48,0.47,0.05,right
41.67,528.00,0.49,0.46,0.06,right
39.33,527.33,0.50,0.45,0.06,right
37.33,527.00,0.51,0.44,0.06,right
35.33,527.00,0.51,0.44,0.06,right
34.00,526.67,0.51,0.41,0.08,right
32.33,525.67,0.51,0.41,0.08,right
31.67,524.67,0.50,0.40,0.08,right
31.67,522.67,0.49,0.40,0.08,right
31.67,520.33,0.48,0.41,0.06,right
32.00,516.67,0.48,0.41,0.06,right
36.67,514.00,0.46,0.41,0.05,right
44.00,510.00,0.43,0.41,0.04,right
54.33,505.33,0.42,0.41,0.03,right
67.67,498.67,0.40,0.41,0.02,right
86.67,488.67,0.39,0.41,0.02,right
09.00,479.00,0.35,0.42,0.00,right
42.33,471.33,0.34,0.42,-0.01,right
68.67,467.67,0.30,0.42,-0.03,right
94.67,461.67,0.28,0.44,-0.08,right
26.67,451.67,0.28,0.44,-0.08,right
59.00,441.00,0.25,0.47,-0.16,right
73.33,434.33,0.24,0.49,-0.18,right
80.33,432.00,0.22,0.50,-0.23,right
83.33,431.67,0.22,0.50,-0.25,right
83.67,431.67,0.21,0.49,-0.25,right
83.33,431.67,0.23,0.45,-0.21,right
82.67,431.67,0.23,0.45,-0.21,right
82.00,431.67,0.23,0.46,-0.22,right
81.00,431.67,0.23,0.46,-0.22,right
79.67,431.67,0.22,0.48,-0.22,right
74.00,431.67,0.22,0.48,-0.22,right
59.00,432.00,0.23,0.49,-0.22,right
31.67,441.67,0.25,0.50,-0.23,right
97.00,455.00,0.25,0.50,-0.23,right
66.00,465.33,0.28,0.50,-0.23,right
36.67,476.67,0.28,0.50,-0.23,right
14.33,487.67,0.32,0.50,-0.20,right
98.33,494.67,0.32,0.50,-0.20,right
87.33,498.67,0.35,0.50,-0.17,right
78.00,501.33,0.36,0.50,-0.16,right
68.33,503.00,0.39,0.49,-0.15,right
60.00,503.33,0.41,0.49,-0.15,right
52.67,503.33,0.44,0.48,-0.16,right
46.33,503.33,0.45,0.48,-0.16,right
38.67,501.67,0.47,0.47,-0.16,right
31.33,498.67,0.49,0.45,-0.15,right
26.67,497.00,0.51,0.44,-0.15,right
24.00,495.33,0.52,0.42,-0.12,right
22.00,494.33,0.52,0.40,-0.11,right
20.33,493.00,0.52,0.38,-0.09,right
19.33,492.00,0.52,0.37,-0.08,right
18.67,490.33,0.52,0.36,-0.07,right
18.33,489.00,0.54,0.35,-0.06,right
18.33,488.00,0.54,0.35,-0.06,right
18.33,487.00,0.55,0.34,-0.05,right
18.33,486.33,0.55,0.34,-0.05,right
18.33,485.33,0.54,0.35,-0.05,right
18.33,485.00,0.54,0.35,-0.05,right
18.33,483.33,0.53,0.36,-0.04,right
18.33,479.67,0.48,0.37,-0.05,right
25.67,474.67,0.48,0.37,-0.05,right
35.33,471.00,0.43,0.38,-0.06,right
47.00,467.00,0.43,0.38,-0.06,right
59.00,462.00,0.40,0.39,-0.07,right
74.33,458.33,0.40,0.39,-0.07,right
90.67,455.00,0.37,0.39,-0.07,right
08.33,453.67,0.33,0.38,-0.08,right
26.00,452.00,0.33,0.38,-0.08,right
43.67,450.33,0.27,0.38,-0.10,right
60.33,446.00,0.27,0.38,-0.10,right
82.00,440.67,0.22,0.39,-0.13,right
03.33,435.67,0.22,0.39,-0.13,right
19.33,431.33,0.18,0.41,-0.16,right
31.67,426.00,0.17,0.42,-0.17,right
43.33,419.67,0.16,0.44,-0.19,right
51.33,415.67,0.15,0.45,-0.20,right
56.67,413.00,0.13,0.47,-0.21,right
60.67,409.67,0.12,0.47,-0.22,right
62.33,407.67,0.10,0.48,-0.21,right
62.67,404.00,0.09,0.48,-0.20,right
62.67,397.33,0.09,0.48,-0.19,right
61.00,387.00,0.09,0.49,-0.19,right
56.33,373.00,0.09,0.50,-0.19,right
53.00,357.33,0.10,0.51,-0.19,right
50.33,339.00,0.11,0.52,-0.19,right
50.00,313.67,0.12,0.53,-0.18,right
50.00,289.33,0.14,0.53,-0.16,right
50.00,266.33,0.14,0.53,-0.16,right
50.00,250.33,0.18,0.54,-0.14,right
55.00,235.00,0.19,0.54,-0.14,right
60.67,223.00,0.21,0.54,-0.12,right
66.33,211.67,0.22,0.54,-0.12,right
71.33,202.33,0.24,0.53,-0.10,right
76.00,192.00,0.25,0.53,-0.09,right
80.33,182.00,0.25,0.53,-0.09,right
86.33,172.33,0.26,0.54,-0.09,right
92.00,162.00,0.26,0.54,-0.08,right
95.33,153.67,0.27,0.55,-0.07,right
97.67,145.00,0.27,0.55,-0.07,right
99.00,135.33,0.29,0.55,-0.07,right
01.33,124.33,0.29,0.55,-0.07,right
04.67,114.33,0.30,0.55,-0.07,right
07.00,107.00,0.30,0.55,-0.06,right
08.33,101.33,0.30,0.55,-0.06,right
08.67,96.67,0.32,0.54,-0.06,right
09.00,94.33,0.32,0.54,-0.06,right
09.33,91.67,0.32,0.54,-0.06,right
09.33,89.00,0.32,0.54,-0.06,right
09.33,87.00,0.33,0.54,-0.05,right
09.33,85.00,0.32,0.54,-0.05,right
09.33,82.67,0.32,0.54,-0.06,right
09.33,80.67,0.33,0.53,-0.06,right
09.00,79.33,0.33,0.53,-0.06,right
08.67,78.33,0.34,0.53,-0.06,right
07.33,78.33,0.34,0.53,-0.06,right
05.00,78.67,0.34,0.53,-0.06,right
01.67,82.67,0.35,0.52,-0.06,right
93.67,89.33,0.35,0.50,-0.06,right
81.67,98.67,0.35,0.50,-0.07,right
63.67,112.00,0.35,0.49,-0.07,right
38.33,134.00,0.34,0.48,-0.07,right
06.67,162.00,0.34,0.48,-0.07,right
77.33,193.67,0.33,0.48,-0.07,right
58.00,222.00,0.33,0.46,-0.08,right
45.33,244.00,0.33,0.43,-0.08,right
37.67,261.00,0.34,0.41,-0.08,right
34.33,274.33,0.34,0.41,-0.08,right
32.67,286.67,0.32,0.36,-0.08,right
30.00,296.00,0.30,0.35,-0.08,right
27.00,305.67,0.29,0.35,-0.08,right
22.67,316.00,0.29,0.34,-0.08,right
18.00,326.33,0.28,0.33,-0.08,right
15.00,337.67,0.28,0.33,-0.08,right
13.00,349.00,0.29,0.30,-0.07,right
11.67,358.67,0.29,0.30,-0.07,right
10.67,368.33,0.28,0.27,-0.06,right
10.67,374.00,0.27,0.25,-0.05,right
10.33,377.67,0.27,0.24,-0.04,right
10.33,379.33,0.32,0.18,-0.03,right
10.33,378.00,0.32,0.18,-0.03,right
15.00,367.67,0.37,0.15,-0.00,right
18.00,360.67,0.37,0.15,-0.00,right
22.00,356.33,0.37,0.13,0.02,right
29.33,351.33,0.36,0.14,0.02,right
37.00,350.00,0.35,0.15,0.03,right
43.33,350.00,0.32,0.19,0.06,right
50.00,350.00,0.32,0.19,0.06,right
58.33,352.00,0.29,0.21,0.07,right
66.33,355.33,0.29,0.21,0.07,right
74.33,357.33,0.25,0.19,0.06,right
80.00,357.33,0.25,0.19,0.06,right
87.67,356.33,0.23,0.18,0.06,right
96.00,349.67,0.24,0.16,0.05,right
03.00,344.00,0.24,0.16,0.05,right
10.33,338.33,0.24,0.15,0.05,right
19.00,334.67,0.23,0.15,0.04,right
30.00,330.33,0.23,0.14,0.04,right
39.33,325.33,0.22,0.14,0.02,right
48.00,319.00,0.21,0.14,-0.01,right
56.67,312.67,0.21,0.14,-0.01,right
65.33,306.33,0.20,0.15,-0.02,right
75.00,295.33,0.20,0.15,-0.03,right
85.33,284.67,0.20,0.17,-0.03,right
92.00,277.67,0.20,0.18,-0.03,right
96.33,273.33,0.20,0.21,-0.03,right
01.67,270.67,0.19,0.23,-0.04,right
06.00,269.00,0.19,0.23,-0.04,right
08.67,268.67,0.16,0.23,-0.04,right
10.00,268.67,0.15,0.23,-0.04,right
10.67,268.67,0.16,0.22,-0.04,right
11.00,268.67,0.17,0.22,-0.04,right
11.33,268.67,0.16,0.21,-0.04,right
07.00,478.33,-0.00,0.13,-0.05,right
03.00,494.00,0.00,0.14,-0.07,right
03.00,512.33,0.00,0.14,-0.07,right
00.33,528.00,0.00,0.15,-0.08,right
98.33,538.33,0.00,0.15,-0.08,right
97.67,543.67,-0.01,0.15,-0.07,right
97.67,546.33,-0.01,0.15,-0.07,right
97.67,549.33,0.01,0.16,-0.08,right
99.67,551.33,0.02,0.17,-0.08,right
02.00,553.33,0.02,0.18,-0.08,right
04.33,553.33,0.01,0.19,-0.08,right
06.00,553.33,0.00,0.19,-0.08,right
07.00,553.33,-0.01,0.20,-0.08,right
08.33,547.33,-0.01,0.20,-0.08,right
09.67,540.67,-0.01,0.20,-0.08,right
11.33,532.33,-0.00,0.22,-0.08,right
13.67,520.00,-0.01,0.23,-0.07,right
01.33,631.67,0.36,0.49,0.04,right
14.67,614.33,0.08,0.55,0.03,right
20.67,629.33,0.27,0.64,-0.02,right
43.67,615.00,0.10,0.57,-0.01,right
23.33,619.67,0.29,0.67,-0.04,right
30.33,544.00,0.34,0.77,-0.00,right
23.00,525.67,0.21,0.62,0.03,right
96.00,631.00,0.17,0.51,-0.03,right
00.33,635.33,0.16,0.50,-0.05,right
01.67,635.67,0.15,0.50,-0.05,right
19.33,646.33,0.30,0.54,-0.11,right
23.00,552.00,0.43,0.67,-0.07,right
44.33,536.67,0.35,0.64,0.02,right
59.67,457.67,0.32,0.64,0.05,right
47.00,460.00,0.30,0.63,0.07,right
99.67,591.67,0.25,0.54,0.05,right
88.33,657.00,0.25,0.47,0.00,right
16.33,640.67,0.34,0.54,-0.04,right
24.00,530.33,0.42,0.67,-0.05,right
90.33,480.33,0.34,0.78,0.04,right
06.33,455.33,0.28,0.73,0.08,right
40.67,591.00,0.10,0.60,-0.00,right
46.67,598.33,0.08,0.59,-0.01,right
51.00,601.00,0.08,0.59,-0.01,right
54.33,603.33,0.06,0.59,-0.03,right
10.67,659.00,0.20,0.61,-0.08,right
24.00,624.67,0.29,0.69,-0.02,right
35.00,528.67,0.28,0.72,0.06,right
52.33,503.00,0.28,0.77,0.14,right
88.00,460.33,0.25,0.77,0.18,right
68.33,419.67,0.19,0.79,0.24,right
45.33,456.33,0.18,0.74,0.22,right
41.33,544.00,0.11,0.63,0.21,right
35.33,599.33,0.09,0.57,0.20,right
31.33,606.00,0.08,0.56,0.21,right
31.33,610.00,0.08,0.56,0.20,right
31.33,613.33,0.07,0.55,0.20,right
08.67,644.00,0.07,0.52,0.18,right
47.33,644.00,0.17,0.55,0.14,right
39.00,563.00,0.25,0.75,0.14,right
39.33,548.67,0.25,0.75,0.14,right
39.33,545.00,0.25,0.81,0.16,right
39.33,540.33,0.25,0.83,0.16,right
46.67,525.67,0.24,0.86,0.18,right
56.67,493.67,0.26,0.89,0.24,right
62.67,478.67,0.27,0.83,0.26,right
90.00,455.33,0.26,0.79,0.27,right
72.67,445.00,0.24,0.73,0.23,right
83.33,447.00,0.23,0.72,0.22,right
92.00,447.00,0.23,0.71,0.21,right
01.67,447.00,0.23,0.70,0.21,right
12.67,447.00,0.23,0.68,0.21,right
25.00,474.00,0.15,0.60,0.18,right
28.33,477.33,0.16,0.59,0.17,right
32.67,480.00,0.16,0.59,0.17,right
04.33,555.00,0.14,0.50,0.04,right
98.33,565.33,0.14,0.51,0.00,right
93.33,575.33,0.15,0.51,-0.02,right
37.00,648.33,0.15,0.53,-0.09,right
26.00,658.33,0.16,0.54,-0.10,right
19.33,665.67,0.16,0.54,-0.10,right
15.00,670.33,0.16,0.55,-0.10,right
10.33,674.33,0.16,0.55,-0.10,right
04.00,677.67,0.16,0.57,-0.10,right
96.00,679.00,0.16,0.57,-0.10,right
88.00,679.00,0.19,0.57,-0.09,right
79.33,679.00,0.20,0.57,-0.09,right
41.00,657.67,0.28,0.58,-0.06,right
09.33,583.00,0.38,0.85,-0.23,right
32.67,468.33,0.38,0.81,-0.04,right
91.67,432.00,0.25,0.76,0.02,right
95.67,443.00,0.19,0.74,0.04,right
01.33,448.67,0.18,0.73,0.04,right
08.00,453.00,0.16,0.71,0.05,right
12.67,456.67,0.16,0.70,0.05,right
25.33,554.00,0.09,0.65,0.02,right
21.33,561.00,0.09,0.65,0.02,right
20.33,570.00,0.10,0.63,0.01,right
19.67,578.33,0.10,0.63,-0.00,right
19.67,584.00,0.10,0.63,-0.01,right
19.67,586.67,0.07,0.62,0.00,right
99.33,623.33,0.07,0.56,0.03,right
42.33,611.33,0.12,0.65,0.05,right
20.67,565.00,0.24,0.73,0.10,right
22.33,551.67,0.27,0.67,0.11,right
78.67,485.67,0.27,0.66,0.13,right
73.67,451.33,0.18,0.59,0.16,right
54.33,608.33,0.07,0.51,0.06,right
55.33,616.67,0.06,0.52,0.04,right
55.33,624.00,0.06,0.52,0.02,right
54.67,630.00,0.05,0.53,0.00,right
91.00,646.33,0.13,0.57,-0.02,right
85.67,644.33,0.15,0.58,-0.02,right
82.00,644.33,0.16,0.58,-0.02,right
79.00,644.67,0.16,0.59,-0.02,right
76.67,645.00,0.16,0.60,-0.01,right
74.67,645.00,0.17,0.60,-0.01,right
35.33,589.67,0.26,0.66,0.03,right
39.67,541.00,0.32,0.74,0.05,right
39.33,533.67,0.32,0.77,0.06,right
39.33,528.33,0.33,0.78,0.07,right
40.33,522.33,0.32,0.81,0.09,right
68.67,468.33,0.30,0.81,0.16,right
55.00,427.33,0.26,0.79,0.19,right
62.67,422.67,0.26,0.79,0.19,right
76.33,420.33,0.26,0.78,0.19,right
92.00,418.33,0.26,0.78,0.19,right
51.33,443.33,0.17,0.71,0.20,right
60.33,461.33,0.15,0.67,0.19,right
60.33,467.67,0.15,0.66,0.18,right
22.00,602.00,0.08,0.55,0.13,right
92.33,651.33,0.11,0.51,0.08,right
87.33,667.00,0.15,0.56,0.07,right
80.00,666.33,0.17,0.56,0.06,right
74.67,664.67,0.19,0.57,0.05,right
70.00,664.33,0.20,0.59,0.04,right
66.67,663.00,0.20,0.59,0.04,right
64.00,661.67,0.20,0.61,0.04,right
48.00,626.33,0.26,0.61,0.04,right
49.67,618.33,0.28,0.61,0.04,right
51.67,610.67,0.28,0.63,0.03,right
62.33,594.33,0.28,0.63,0.03,right
33.33,544.33,0.23,0.60,0.08,right
90.33,551.00,0.18,0.58,0.11,right
80.33,613.33,0.15,0.56,0.09,right
