97.33,331.00,0.00,0.00,0.00,static
103.00,341.67,0.00,0.00,0.00,static
103.00,347.33,0.00,0.00,0.00,static
103.00,352.33,0.00,0.00,0.00,static
103.00,355.33,0.00,0.00,0.00,static
94.67,340.00,0.00,0.00,0.00,static
57.67,224.67,0.01,-0.01,0.00,static
66.00,227.67,0.01,-0.01,0.00,static
74.00,234.67,0.01,-0.01,0.00,static
81.67,248.67,0.01,-0.01,0.00,static
89.00,265.33,0.01,-0.01,0.00,static
91.67,277.67,0.01,-0.01,0.00,static
93.33,291.67,0.01,-0.01,0.00,static
91.00,272.00,0.01,-0.01,0.00,static
99.33,282.00,0.01,-0.01,0.00,static
102.00,290.33,0.01,-0.01,0.00,static
104.00,301.00,0.01,-0.01,0.00,static
107.67,323.00,0.01,-0.01,0.00,static
114.00,360.33,0.01,-0.01,0.00,static
328.67,325.33,0.01,-0.01,0.00,static
326.67,309.00,0.01,-0.01,0.00,static
327.00,294.00,0.01,-0.01,0.00,static
328.67,282.33,0.01,-0.01,0.00,static
331.00,274.33,0.01,-0.01,0.00,static
329.67,272.33,0.01,-0.01,0.00,static
328.67,272.33,0.01,-0.01,0.00,static
322.33,284.67,0.01,-0.01,0.00,static
316.67,301.33,0.01,-0.01,0.00,static
310.00,326.00,0.01,-0.01,0.00,static
301.00,366.67,0.01,-0.01,0.00,static
293.67,408.67,0.01,-0.01,0.00,static
293.00,444.00,0.01,-0.01,0.00,static
293.00,465.33,0.01,-0.01,0.00,static
294.67,479.00,0.01,-0.01,0.00,static
298.00,487.67,0.01,-0.01,0.00,static
344.33,306.00,0.01,-0.01,0.00,static
348.33,283.33,0.01,-0.01,0.00,static
349.00,258.67,0.01,-0.01,0.00,static
351.67,240.00,0.01,-0.01,0.00,static
356.67,225.33,0.01,-0.01,0.00,static
356.00,216.67,0.01,-0.01,0.00,static
355.67,212.00,0.01,-0.01,0.00,static
352.33,210.00,0.01,-0.01,0.00,static
340.67,216.67,0.01,-0.01,0.00,static
322.33,244.67,0.01,-0.01,0.00,static
305.67,275.00,0.01,-0.01,0.00,static
297.00,299.33,0.01,-0.01,0.00,static
292.33,323.00,0.01,-0.01,0.00,static
291.00,346.67,0.01,-0.01,0.00,static
290.33,374.33,0.01,-0.01,0.00,static
313.67,449.67,0.01,-0.01,0.00,static
315.33,466.33,0.01,-0.01,0.00,static
316.67,480.67,0.01,-0.01,0.00,static
319.00,495.00,0.01,-0.01,0.00,static
321.33,506.67,0.01,-0.01,0.00,static
324.00,512.67,0.01,-0.01,0.00,static
327.33,512.67,0.01,-0.01,0.00,static
334.33,495.00,0.01,-0.01,0.00,static
367.67,289.67,0.01,-0.01,0.00,static
367.67,266.33,0.01,-0.01,0.00,static
367.67,244.00,0.01,-0.01,0.00,static
369.33,221.00,0.01,-0.01,0.00,static
369.67,205.00,0.01,-0.01,0.00,static
369.67,189.33,0.01,-0.01,0.00,static
366.00,177.33,0.01,-0.01,0.00,static
358.33,163.67,0.01,-0.01,0.00,static
348.33,153.33,0.01,-0.01,0.00,static
337.67,148.33,0.01,-0.01,0.00,static
322.00,147.67,0.01,-0.01,0.00,static
301.67,152.33,0.01,-0.01,0.00,static
282.67,168.00,0.01,-0.01,0.00,static
268.00,187.33,0.01,-0.01,0.00,static
258.33,210.00,0.01,-0.01,0.00,static
251.00,244.33,0.01,-0.01,0.00,static
248.00,281.67,0.01,-0.01,0.00,static
249.00,316.33,0.01,-0.01,0.00,static
258.33,346.33,0.01,-0.01,0.00,static
268.00,367.33,0.01,-0.01,0.00,static
279.00,387.00,0.01,-0.01,0.00,static
289.33,399.33,0.01,-0.01,0.00,static
299.33,404.67,0.01,-0.01,0.00,static
309.67,404.67,0.01,-0.01,0.00,static
307.33,495.00,0.01,-0.01,0.00,static
303.33,512.33,0.01,-0.01,0.00,static
303.33,526.33,0.01,-0.01,0.00,static
303.33,537.67,0.01,-0.01,0.00,static
303.33,545.67,0.01,-0.01,0.00,static
305.00,550.33,0.01,-0.01,0.00,static
307.67,550.33,0.01,-0.01,0.00,static
313.67,540.67,0.01,-0.01,0.00,static
322.33,508.67,0.01,-0.01,0.00,static
357.33,434.67,0.01,-0.01,0.00,static
361.67,427.00,0.01,-0.01,0.00,static
378.00,444.67,0.01,-0.01,0.00,static
379.00,464.00,0.01,-0.01,0.00,static
379.33,477.67,0.01,-0.01,0.00,static
380.00,492.00,0.01,-0.01,0.00,static
380.00,516.67,0.01,-0.01,0.00,static
380.00,545.33,0.01,-0.01,0.00,static
380.00,563.67,0.01,-0.01,0.00,static
380.00,573.00,0.01,-0.01,0.00,static
380.00,574.33,0.01,-0.01,0.00,static
377.33,572.33,0.01,-0.01,0.00,static
346.00,545.67,0.01,-0.01,0.00,static
345.67,552.33,0.01,-0.01,0.00,static
345.67,559.33,0.01,-0.01,0.00,static
353.33,535.67,0.01,-0.01,0.00,static
356.33,517.00,0.01,-0.01,0.00,static
126.00,230.67,0.01,-0.01,0.00,static
126.00,232.00,0.01,-0.01,0.00,static
126.00,233.00,0.01,-0.01,0.00,static
125.33,234.00,0.01,-0.01,0.00,static
122.67,237.33,0.01,-0.01,0.00,static
120.67,248.33,0.01,-0.01,0.00,static
120.33,270.00,0.01,-0.01,0.00,static
120.33,293.67,0.01,-0.01,0.00,static
133.00,411.33,0.01,-0.01,0.00,static
306.00,194.33,0.01,-0.01,0.00,static
274.67,172.33,0.01,-0.01,0.00,static
260.33,162.67,0.01,-0.01,0.00,static
125.00,522.67,0.01,-0.01,0.00,static
325.33,346.33,0.01,-0.01,0.00,static
328.67,360.67,0.01,-0.01,0.00,static
332.67,381.00,0.01,-0.01,0.00,static
365.67,524.33,0.01,-0.01,0.00,static
366.33,532.33,0.01,-0.01,0.00,static
366.33,543.33,0.01,-0.01,0.00,static
368.67,562.00,0.01,-0.01,0.00,static
48.33,342.33,0.01,-0.01,0.00,static
53.33,332.67,0.01,-0.01,0.00,static
59.00,322.33,0.01,-0.01,0.00,static
63.00,314.67,0.01,-0.01,0.00,static
362.33,632.00,0.01,-0.01,0.00,static
86.00,209.67,0.01,-0.01,0.00,static
117.67,125.67,0.01,-0.01,0.00,static
114.67,130.33,0.01,-0.01,0.00,static
115.00,150.33,0.01,-0.01,0.00,static
375.67,207.33,0.01,-0.01,0.00,static
370.33,202.33,0.01,-0.01,0.00,static
366.33,195.67,0.01,-0.01,0.00,static
363.67,185.67,0.01,-0.01,0.00,static
318.67,137.00,0.01,-0.01,0.00,static
308.00,140.67,0.01,-0.01,0.00,static
296.67,142.67,0.01,-0.01,0.00,static
288.33,146.33,0.01,-0.01,0.00,static
282.67,150.67,0.01,-0.01,0.00,static
276.33,157.33,0.01,-0.01,0.00,static
267.00,170.67,0.01,-0.01,0.00,static
257.33,185.67,0.01,-0.01,0.00,static
227.33,250.33,0.01,-0.01,0.00,static
223.33,268.33,0.01,-0.01,0.00,static
223.33,290.00,0.01,-0.01,0.00,static
223.33,313.33,0.01,-0.01,0.00,static
227.33,339.67,0.01,-0.01,0.00,static
235.67,366.67,0.01,-0.01,0.00,static
245.33,393.33,0.01,-0.01,0.00,static
256.67,420.00,0.01,-0.01,0.00,static
269.67,451.00,0.01,-0.01,0.00,static
280.67,472.33,0.01,-0.01,0.00,static
292.00,488.00,0.01,-0.01,0.00,static
301.33,498.33,0.01,-0.01,0.00,static
310.00,503.00,0.01,-0.01,0.00,static
319.00,505.00,0.01,-0.01,0.00,static
328.33,504.00,0.01,-0.01,0.00,static
337.67,496.00,0.01,-0.01,0.00,static
348.00,480.00,0.01,-0.01,0.00,static
357.67,454.00,0.01,-0.01,0.00,static
368.33,415.00,0.01,-0.01,0.00,static
379.33,370.00,0.01,-0.01,0.00,static
389.67,321.67,0.01,-0.01,0.00,static
397.33,277.67,0.01,-0.01,0.00,static
402.00,236.67,0.01,-0.01,0.00,static
405.00,203.00,0.01,-0.01,0.00,static
405.33,176.67,0.01,-0.01,0.00,static
405.33,151.67,0.01,-0.01,0.00,static
403.33,133.00,0.01,-0.01,0.00,static
397.33,118.00,0.01,-0.01,0.00,static
378.67,108.00,0.01,-0.01,0.00,static
355.00,105.67,0.01,-0.01,0.00,static
331.33,105.33,0.01,-0.01,0.00,static
312.67,104.67,0.01,-0.01,0.00,static
294.33,104.67,0.01,-0.01,0.00,static
278.33,104.67,0.01,-0.01,0.00,static
262.33,111.00,0.01,-0.01,0.00,static
244.00,125.67,0.01,-0.01,0.00,static
227.33,144.00,0.01,-0.01,0.00,static
214.67,163.67,0.01,-0.01,0.00,static
204.67,185.33,0.01,-0.01,0.00,static
197.00,211.67,0.01,-0.01,0.00,static
191.33,249.33,0.01,-0.01,0.00,static
190.33,284.67,0.01,-0.01,0.00,static
190.67,320.00,0.01,-0.01,0.00,static
197.00,353.33,0.01,-0.01,0.00,static
204.00,385.33,0.01,-0.01,0.00,static
210.67,422.33,0.01,-0.01,0.00,static
217.67,457.00,0.01,-0.01,0.00,static
226.00,488.67,0.01,-0.01,0.00,static
236.00,519.67,0.01,-0.01,0.00,static
246.33,549.33,0.01,-0.01,0.00,static
257.00,569.33,0.01,-0.01,0.00,static
268.67,582.00,0.01,-0.01,0.00,static
280.00,585.33,0.01,-0.01,0.00,static
294.00,579.67,0.01,-0.01,0.00,static
306.67,554.67,0.01,-0.01,0.00,static
320.67,516.67,0.01,-0.01,0.00,static
334.33,486.00,0.01,-0.01,0.00,static
344.67,469.67,0.01,-0.01,0.00,static
350.00,465.67,0.01,-0.01,0.00,static
349.67,477.00,0.01,-0.01,0.00,static
338.00,503.00,0.01,-0.01,0.00,static
327.67,529.67,0.01,-0.01,0.00,static
318.67,553.00,0.01,-0.01,0.00,static
314.00,565.00,0.01,-0.01,0.00,static
314.00,565.33,0.01,-0.01,0.00,static
154.33,336.00,0.01,-0.01,0.00,static
155.67,349.33,0.01,-0.01,0.00,static
155.67,368.33,0.01,-0.01,0.00,static
155.67,394.33,0.01,-0.01,0.00,static
155.67,431.00,0.01,-0.01,0.00,static
157.33,472.33,0.01,-0.01,0.00,static
158.67,508.00,0.01,-0.01,0.00,static
158.67,529.33,0.01,-0.01,0.00,static
155.67,538.67,0.01,-0.01,0.00,static
147.33,536.67,0.01,-0.01,0.00,static
134.33,505.67,0.01,-0.01,0.00,static
123.33,469.67,0.01,-0.01,0.00,static
113.67,437.33,0.01,-0.01,0.00,static
106.33,412.33,0.01,-0.01,0.00,static
98.67,388.33,0.01,-0.01,0.00,static
90.33,371.67,0.01,-0.01,0.00,static
84.00,359.33,0.01,-0.01,0.00,static
79.33,351.33,0.01,-0.01,0.00,static
77.00,347.67,0.01,-0.01,0.0,static
